# Created by Octave 3.8.2, Wed Mar 25 14:42:40 2015 CET <dz@dzworkstation>
# name: x
# type: matrix
# rows: 10
# columns: 1
 4.585693223958052
 8.524174968580652
 12.13909709696815
 7.884096892057911
 1.497162202494401e-15
 -7.296410714379954
 -11.80119132780788
 -8.954626118531293
 -8.049070419590594
 -3.394177547623164e-15


# name: y
# type: matrix
# rows: 10
# columns: 1
 6.311665246283031
 2.76967234142737
 -3.944231741288643
 -10.85152842147147
 -12.22525713974661
 -10.04264779160473
 -3.834439501417747
 2.909534398312435
 11.07859500212381
 13.85778148436889


